{
  "chart_type": "similarity_matrix",
  "title": "JACCARD_IDENTIFIERS Similarity Matrix - claude (temp_1.0)",
  "metric": "jaccard_identifiers",
  "metric_description": "Jaccard similarity of identifier names (0-1, higher=more similar)",
  "model": "claude",
  "challenge": "calculator",
  "prompt": "5-role-zero_shot",
  "temperature": 1.0,
  "labels": [
    "iter_1",
    "iter_2",
    "iter_3",
    "iter_4",
    "iter_5",
    "iter_6",
    "iter_7",
    "iter_8",
    "iter_9",
    "iter_10"
  ],
  "matrix": [
    [
      1.0,
      0.636,
      0.4669,
      0.4241,
      0.3981,
      0.553,
      0.4481,
      0.4801,
      0.4368,
      0.4749
    ],
    [
      0.636,
      1.0,
      0.5938,
      0.3836,
      0.4226,
      0.4858,
      0.4493,
      0.4399,
      0.4656,
      0.4803
    ],
    [
      0.4669,
      0.5938,
      1.0,
      0.3779,
      0.3683,
      0.4201,
      0.4444,
      0.3864,
      0.5081,
      0.4765
    ],
    [
      0.4241,
      0.3836,
      0.3779,
      1.0,
      0.3012,
      0.479,
      0.4077,
      0.4739,
      0.3857,
      0.3841
    ],
    [
      0.3981,
      0.4226,
      0.3683,
      0.3012,
      1.0,
      0.3353,
      0.3914,
      0.3812,
      0.3388,
      0.3514
    ],
    [
      0.553,
      0.4858,
      0.4201,
      0.479,
      0.3353,
      1.0,
      0.3875,
      0.5108,
      0.3799,
      0.4227
    ],
    [
      0.4481,
      0.4493,
      0.4444,
      0.4077,
      0.3914,
      0.3875,
      1.0,
      0.427,
      0.4353,
      0.4545
    ],
    [
      0.4801,
      0.4399,
      0.3864,
      0.4739,
      0.3812,
      0.5108,
      0.427,
      1.0,
      0.3949,
      0.3963
    ],
    [
      0.4368,
      0.4656,
      0.5081,
      0.3857,
      0.3388,
      0.3799,
      0.4353,
      0.3949,
      1.0,
      0.4247
    ],
    [
      0.4749,
      0.4803,
      0.4765,
      0.3841,
      0.3514,
      0.4227,
      0.4545,
      0.3963,
      0.4247,
      1.0
    ]
  ],
  "generated_at": "2025-07-02T06:08:04.768537"
}